Split 1:
  Train: [2, 3, 4, 6, 7, 8, 9, 11, 12, 13, 15, 16, 17, 18, 20, 21, 22, 23, 24, 25, 26, 27, 28, 29, 30, 31, 32, 34, 35, 37, 38, 39, 41, 42, 43, 45, 47, 48, 49, 50] (40 videos)
  Test:  [1, 5, 10, 14, 19, 33, 36, 40, 44, 46] (10 videos)
  Command: --test_dataset "1,5,10,14,19,33,36,40,44,46"

Split 2:
  Train: [1, 3, 4, 5, 7, 8, 9, 10, 11, 12, 13, 14, 17, 18, 19, 20, 21, 24, 25, 26, 27, 28, 30, 31, 32, 33, 34, 36, 37, 38, 39, 40, 41, 42, 43, 45, 47, 48, 49, 50] (40 videos)
  Test:  [2, 6, 15, 16, 22, 23, 29, 35, 44, 46] (10 videos)
  Command: --test_dataset "2,6,15,16,22,23,29,35,44,46"

Split 3:
  Train: [1, 2, 3, 4, 8, 9, 10, 11, 12, 13, 14, 15, 16, 17, 18, 19, 20, 22, 23, 25, 28, 29, 30, 31, 32, 33, 35, 36, 37, 38, 39, 40, 41, 42, 43, 44, 45, 47, 49, 50] (40 videos)
  Test:  [5, 6, 7, 21, 24, 26, 27, 34, 46, 48] (10 videos)
  Command: --test_dataset "5,6,7,21,24,26,27,34,46,48"

Split 4:
  Train: [1, 2, 3, 4, 5, 6, 7, 9, 10, 11, 12, 13, 14, 15, 16, 17, 18, 19, 21, 24, 25, 26, 27, 29, 30, 32, 33, 34, 35, 36, 38, 39, 41, 42, 43, 44, 46, 47, 48, 49] (40 videos)
  Test:  [8, 20, 22, 23, 28, 31, 37, 40, 45, 50] (10 videos)
  Command: --test_dataset "8,20,22,23,28,31,37,40,45,50"

Split 5:
  Train: [1, 2, 4, 5, 6, 7, 8, 9, 10, 11, 12, 13, 14, 16, 17, 18, 20, 21, 23, 24, 26, 27, 28, 31, 32, 33, 34, 36, 37, 38, 39, 40, 41, 42, 44, 45, 46, 47, 49, 50] (40 videos)
  Test:  [3, 15, 19, 22, 25, 29, 30, 35, 43, 48] (10 videos)
  Command: --test_dataset "3,15,19,22,25,29,30,35,43,48"

###########################################

Split 1:
  Train: [1, 2, 3, 4, 6, 7, 8, 10, 11, 13, 14, 15, 16, 17, 18, 19, 20, 21, 22, 25] (20 videos)
  Test:  [5, 9, 12, 23, 24] (5 videos)
  Command: --test_dataset "5,9,12,23,24"

Split 2:
  Train: [1, 2, 3, 4, 7, 8, 9, 10, 11, 12, 13, 16, 17, 18, 19, 20, 22, 23, 24, 25] (20 videos)
  Test:  [5, 6, 14, 15, 21] (5 videos)
  Command: --test_dataset "5,6,14,15,21"

Split 3:
  Train: [1, 2, 4, 5, 7, 9, 10, 11, 12, 13, 14, 15, 16, 17, 18, 19, 20, 22, 24, 25] (20 videos)
  Test:  [3, 6, 8, 21, 23] (5 videos)
  Command: --test_dataset "3,6,8,21,23"

Split 4:
  Train: [2, 3, 4, 5, 6, 8, 9, 10, 11, 12, 13, 14, 15, 16, 17, 18, 19, 21, 23, 24] (20 videos)
  Test:  [1, 7, 20, 22, 25] (5 videos)
  Command: --test_dataset "1,7,20,22,25"

Split 5:
  Train: [1, 2, 4, 5, 7, 8, 9, 10, 11, 12, 13, 14, 15, 16, 17, 18, 19, 21, 23, 24] (20 videos)
  Test:  [3, 6, 20, 22, 25] (5 videos)
  Command: --test_dataset "3,6,20,22,25"





Split 1:
  Train: [1, 2, 3, 4, 5, 6, 8, 9, 10, 11, 12, 13, 14, 15, 18, 19, 20, 21, 22, 24] (20 videos)
  Test:  [7, 16, 17, 23, 25] (5 videos)
  Command: --test_dataset "7,16,17,23,25"

Split 2:
  Train: [1, 3, 6, 8, 9, 10, 11, 12, 13, 14, 15, 16, 17, 18, 19, 20, 21, 22, 23, 25] (20 videos)
  Test:  [2, 4, 5, 7, 24] (5 videos)
  Command: --test_dataset "2,4,5,7,24"

Split 3:
  Train: [1, 2, 3, 5, 6, 9, 10, 12, 13, 14, 15, 16, 17, 18, 19, 20, 21, 22, 24, 25] (20 videos)
  Test:  [4, 7, 8, 11, 23] (5 videos)
  Command: --test_dataset "4,7,8,11,23"

Split 4:
  Train: [1, 2, 4, 6, 9, 10, 11, 12, 13, 14, 16, 17, 18, 19, 20, 21, 22, 23, 24, 25] (20 videos)
  Test:  [3, 5, 7, 8, 15] (5 videos)
  Command: --test_dataset "3,5,7,8,15"

Split 5:
  Train: [2, 3, 4, 5, 6, 7, 8, 10, 11, 12, 13, 14, 15, 18, 19, 20, 21, 22, 24, 25] (20 videos)
  Test:  [1, 9, 16, 17, 23] (5 videos)
  Command: --test_dataset "1,9,16,17,23"




  Split 1:
  Train: [2, 3, 4, 6, 7, 8, 9, 10, 11, 13, 14, 16, 17, 18, 22, 23, 24, 25, 27, 28, 29, 30, 31, 32, 33, 34, 35, 36, 37, 38, 39, 40, 41, 42, 44, 45, 46, 48, 49, 50] (40 videos)
  Test:  [1, 5, 12, 15, 19, 20, 21, 26, 43, 47] (10 videos)
  Command: --test_dataset "1,5,12,15,19,20,21,26,43,47"

Split 2:
  Train: [2, 3, 5, 6, 7, 8, 9, 10, 11, 12, 13, 14, 15, 16, 17, 18, 20, 21, 22, 24, 27, 28, 29, 31, 33, 34, 35, 36, 39, 40, 41, 42, 43, 44, 45, 46, 47, 48, 49, 50] (40 videos)
  Test:  [1, 4, 19, 23, 25, 26, 30, 32, 37, 38] (10 videos)
  Command: --test_dataset "1,4,19,23,25,26,30,32,37,38"

Split 3:
  Train: [1, 2, 3, 5, 7, 8, 9, 10, 11, 12, 13, 15, 17, 19, 20, 21, 22, 23, 24, 25, 26, 27, 31, 32, 33, 34, 35, 36, 38, 39, 40, 41, 42, 43, 45, 46, 47, 48, 49, 50] (40 videos)
  Test:  [4, 6, 14, 16, 18, 28, 29, 30, 37, 44] (10 videos)
  Command: --test_dataset "4,6,14,16,18,28,29,30,37,44"

Split 4:
  Train: [1, 2, 3, 5, 6, 7, 8, 9, 10, 11, 12, 13, 14, 17, 18, 19, 20, 22, 25, 26, 28, 29, 30, 31, 32, 34, 35, 37, 39, 40, 41, 42, 43, 44, 45, 46, 47, 48, 49, 50] (40 videos)
  Test:  [4, 15, 16, 21, 23, 24, 27, 33, 36, 38] (10 videos)
  Command: --test_dataset "4,15,16,21,23,24,27,33,36,38"

  Split 5:
  Train: [1, 3, 4, 5, 6, 7, 8, 9, 11, 13, 15, 16, 17, 19, 21, 22, 23, 24, 25, 26, 27, 28, 29, 30, 31, 32, 33, 34, 35, 36, 37, 39, 40, 41, 43, 44, 45, 46, 48, 49] (40 videos)
  Test:  [2, 10, 12, 14, 18, 20, 38, 42, 47, 50] (10 videos)
  Command: --test_dataset "2,10,12,14,18,20,38,42,47,50"



